BLER_uncoded_coherent = [0.5680272, 0.5309792, 0.4934592, 0.4555216, 0.4171764, 0.379048, 0.341344, 0.3053108, 0.2713168, 0.2397304, 0.2108068, 0.1836344, 0.160064, 0.1383844, 0.118944, 0.1021392, 0.0871908, 0.0744648, 0.063376, 0.0537264, 0.0455488, 0.0386644, 0.0326556, 0.0278196, 0.023232, 0.0197452, 0.0165056, 0.0140056, 0.0117036, 0.0099112]
BLER_coded_coherent_hard = [0.536786, 0.493408, 0.448528, 0.4018456, 0.3558564, 0.3107304, 0.2665516, 0.2256656, 0.1874048, 0.1535944, 0.1243256, 0.099286, 0.07765, 0.0602012, 0.0461896, 0.0350332, 0.0261992, 0.0195788, 0.014522, 0.0106236, 0.0077164, 0.005582, 0.0041124, 0.0028952, 0.0021004, 0.0014664, 0.0010936, 0.0007624, 0.000534, 0.000376]
BLER_coded_coherent_mld = [0.4639776, 0.4149752, 0.3648816, 0.3149552, 0.2665676, 0.220544, 0.1786528, 0.1410548, 0.1087584, 0.0819908, 0.0598892, 0.0431796, 0.030006, 0.0206856, 0.0138944, 0.0091488, 0.0058908, 0.0038232, 0.0023984, 0.0015056, 0.0009156, 0.0005764, 0.0003476, 0.0002292, 0.0001324, 8.12e-05, 4.12e-05, 2.88e-05, 1.64e-05, 9.2e-06]
BLER_learned_coded_csir_7.0 = [0.47255, 0.421343, 0.36654, 0.314129, 0.260285, 0.212713, 0.167666, 0.128179, 0.095406, 0.06882, 0.047844, 0.032461, 0.021133, 0.01322, 0.008277, 0.004954, 0.002919, 0.001603, 0.00101, 0.000555, 0.000315, 0.000172, 0.000101, 5.8e-05, 3e-05, 2.8e-05, 1.8e-05, 6e-06, 4e-06, 7e-06]
