BLER_uncoded = [0.8963204963204964, 0.8747648747648747, 0.8501094501094502, 0.8204534204534204, 0.7857857857857858, 0.746027346027346, 0.7008261008261009, 0.6492096492096492, 0.5942183942183942, 0.5344883344883344, 0.4723844723844724, 0.4072996072996073, 0.34344014344014345, 0.28166188166188166, 0.22516802516802517, 0.17416097416097417, 0.12928092928092927, 0.09246829246829247, 0.0631928631928632, 0.041707641707641706, 0.025678425678425678, 0.015353815353815354, 0.008518408518408519, 0.004428604428604429, 0.0019998019998019997]
BLER_coded_hard = [0.8788502788502789, 0.8528990528990529, 0.8223102223102223, 0.7868505868505868, 0.743932943932944, 0.696980496980497, 0.641967241967242, 0.5832205832205832, 0.5182325182325183, 0.4499246499246499, 0.3801075801075801, 0.31112651112651113, 0.2472912472912473, 0.18811338811338812, 0.13742093742093742, 0.0948068948068948, 0.06273746273746274, 0.038533038533038536, 0.02244002244002244, 0.012238612238612239, 0.005966405966405967, 0.0028732028732028733, 0.001166001166001166, 0.000429000429000429, 0.0001254001254001254]
BLER_coded_MLD = [0.835094435094435, 0.8003080003080003, 0.7588445588445588, 0.7105149105149106, 0.6573540573540574, 0.5954195954195954, 0.5285307285307286, 0.455946055946056, 0.38364298364298366, 0.3118371118371118, 0.24306284306284306, 0.18166298166298167, 0.1287023287023287, 0.08510268510268511, 0.05355685355685356, 0.03136103136103136, 0.016436216436216435, 0.00841060841060841, 0.0036586036586036584, 0.0014212014212014212, 0.0005588005588005588, 0.0001914001914001914, 4.4000044000044e-05, 1.32000132000132e-05, 0.0]
BLER_learned = [0.87604, 0.849133, 0.820123, 0.783917, 0.742945, 0.695822, 0.64414, 0.58532, 0.523333, 0.458224, 0.392127, 0.326871, 0.264313, 0.207858, 0.158971, 0.11651, 0.082572, 0.056587, 0.037124, 0.023561, 0.014338, 0.008467, 0.004851, 0.002705, 0.001429]