BLER_learned_coded = [0.682517, 0.636321, 0.585959, 0.53135, 0.472749, 0.414171, 0.355672, 0.299572, 0.247551, 0.199943, 0.162257, 0.130249, 0.105585, 0.088121, 0.074833, 0.065757, 0.059471, 0.054564, 0.051622, 0.048486, 0.046972, 0.045416, 0.044249, 0.043039, 0.04265, 0.041977, 0.041667, 0.040843, 0.040946, 0.04034]
BLER_learned_uncoded = [0.307314, 0.286409, 0.265192, 0.243534, 0.221589, 0.199437, 0.178828, 0.159662, 0.140976, 0.12399, 0.108653, 0.094544, 0.081796, 0.070508, 0.061298, 0.0526, 0.045013, 0.037856, 0.03286, 0.028088, 0.024351, 0.020481, 0.017536, 0.014893, 0.012739, 0.011019, 0.009437, 0.008132, 0.007068, 0.006212]
BLER_uncoded_ortho = [0.769368, 0.739052, 0.705236, 0.669384, 0.630208, 0.587856, 0.544604, 0.49976, 0.452324, 0.411184, 0.36968, 0.326452, 0.286756, 0.251592, 0.218948, 0.191076, 0.165988, 0.14222, 0.122364, 0.10468, 0.088596, 0.076076, 0.064336, 0.054288, 0.046032, 0.039164, 0.032236, 0.027588, 0.023476, 0.019472]
BLER_coded_ortho_hard = [0.795016, 0.76556, 0.73114, 0.691776, 0.64976, 0.599884, 0.546436, 0.490588, 0.432268, 0.375388, 0.321132, 0.266132, 0.219512, 0.177588, 0.1419, 0.111768, 0.086572, 0.066632, 0.050028, 0.037212, 0.027852, 0.020288, 0.01518, 0.011028, 0.00792, 0.005744, 0.00424, 0.00312, 0.002072, 0.001556]