BLER_learned_coded = [0.896524, 0.887157, 0.875054, 0.860673, 0.843008, 0.82095, 0.796537, 0.766625, 0.733136, 0.694911, 0.651886, 0.601362, 0.5409, 0.469603, 0.384433, 0.29136, 0.199786, 0.120406, 0.062397, 0.028232, 0.011724, 0.005135, 0.002741, 0.001965, 0.001541, 0.001356, 0.001217, 0.001132, 0.000975, 0.000907]
BLER_learned_uncoded = [0.312256, 0.290326, 0.268401, 0.246752, 0.224898, 0.203896, 0.182611, 0.162872, 0.143615, 0.126387, 0.110363, 0.095657, 0.082854, 0.071943, 0.06115, 0.052809, 0.04479, 0.038124, 0.032441, 0.027476, 0.023358, 0.019617, 0.016845, 0.014165, 0.012134, 0.010356, 0.008993, 0.007768, 0.006659, 0.006001]
BLER_uncoded_ortho = [0.769368, 0.739052, 0.705236, 0.669384, 0.630208, 0.587856, 0.544604, 0.49976, 0.452324, 0.411184, 0.36968, 0.326452, 0.286756, 0.251592, 0.218948, 0.191076, 0.165988, 0.14222, 0.122364, 0.10468, 0.088596, 0.076076, 0.064336, 0.054288, 0.046032, 0.039164, 0.032236, 0.027588, 0.023476, 0.019472]
BLER_coded_ortho_hard = [0.795016, 0.76556, 0.73114, 0.691776, 0.64976, 0.599884, 0.546436, 0.490588, 0.432268, 0.375388, 0.321132, 0.266132, 0.219512, 0.177588, 0.1419, 0.111768, 0.086572, 0.066632, 0.050028, 0.037212, 0.027852, 0.020288, 0.01518, 0.011028, 0.00792, 0.005744, 0.00424, 0.00312, 0.002072, 0.001556]