BLER_uncoded_ortho = [0.770032, 0.741072, 0.707516, 0.67044, 0.630716, 0.588684, 0.544384, 0.498856, 0.455832, 0.413468, 0.366864, 0.326608, 0.289568, 0.25318, 0.2202, 0.192124, 0.165788, 0.141792, 0.121876, 0.104848, 0.087996, 0.075568, 0.06366, 0.054288, 0.045144, 0.039016, 0.032344, 0.028524, 0.022732, 0.019944]
BLER_coded_ortho_hard = [0.795588, 0.765284, 0.731328, 0.690784, 0.648584, 0.599552, 0.545756, 0.490456, 0.433272, 0.374588, 0.319228, 0.268316, 0.221484, 0.179448, 0.14176, 0.112308, 0.08658, 0.065868, 0.050596, 0.037456, 0.027672, 0.020548, 0.01542, 0.011068, 0.008068, 0.005864, 0.004252, 0.003, 0.002192, 0.00152]