BLER_learned_coded_csir = [0.477327, 0.423618, 0.369198, 0.314885, 0.262859, 0.2128, 0.168563, 0.128769, 0.095798, 0.068736, 0.048131, 0.032167, 0.021275, 0.013494, 0.008479, 0.005036, 0.003045, 0.001809, 0.001021, 0.000611, 0.000343, 0.000213, 0.000159, 0.0001, 4.4e-05, 4.7e-05, 2.7e-05, 2.4e-05, 1.4e-05, 1.2e-05]
BLER_uncoded_coherent = [0.5668856, 0.5310448, 0.4936536, 0.456134, 0.416394, 0.3782768, 0.3419144, 0.3060504, 0.2715252, 0.2398172, 0.210234, 0.183918, 0.1595768, 0.1382792, 0.119146, 0.102348, 0.0870464, 0.0745768, 0.063522, 0.0538788, 0.045668, 0.0387564, 0.0327128, 0.0275604, 0.023332, 0.0196204, 0.0165492, 0.013864, 0.0116992, 0.0098968]
BLER_coded_coherent_hard = [0.3928572, 0.3464856, 0.3012368, 0.2573024, 0.2173492, 0.1802136, 0.1477112, 0.1185356, 0.094066, 0.0738456, 0.0570844, 0.0436836, 0.0329188, 0.0248356, 0.018432, 0.013636, 0.009886, 0.0072384, 0.005258, 0.0037856, 0.002742, 0.0019888, 0.0013796, 0.0010212, 0.0006988, 0.0004964, 0.0003532, 0.000268, 0.0001864, 0.0001396]
BLER_coded_coherent_mld = [0.3052572, 0.2570836, 0.2117112, 0.1704944, 0.1339592, 0.1027092, 0.076904, 0.0561436, 0.0400256, 0.0279852, 0.019084, 0.0128032, 0.0083684, 0.0054776, 0.0034436, 0.0022288, 0.00138, 0.000872, 0.00053, 0.0003332, 0.0002016, 0.0001104, 6.6e-05, 4.84e-05, 2.88e-05, 1.72e-05, 1.04e-05, 4.4e-06, 5.2e-06, 2e-06]