BLER_learned_coded_csit = [0.554613, 0.503659, 0.45117, 0.396484, 0.340323, 0.288019, 0.23574, 0.189743, 0.148252, 0.112229, 0.082673, 0.05983, 0.041986, 0.028716, 0.018978, 0.012539, 0.008332, 0.005577, 0.003667, 0.002425, 0.001699, 0.00116, 0.000844, 0.000656, 0.000537, 0.000446, 0.000355, 0.000278, 0.000261, 0.000254]
BLER_uncoded_precombining = [0.5684428, 0.5311236, 0.493762, 0.4558404, 0.4171428, 0.378762, 0.3408908, 0.3059336, 0.271428, 0.2400552, 0.210732, 0.183804, 0.1598504, 0.1384896, 0.11907, 0.1020932, 0.0874284, 0.0742084, 0.0635188, 0.0540476, 0.0457924, 0.0387388, 0.0325744, 0.0276616, 0.023314, 0.0196752, 0.0166252, 0.0139868, 0.011788, 0.009902]
BLER_coded_precombining_hard = [0.5365056, 0.4934964, 0.4483044, 0.4026564, 0.35597, 0.310084, 0.2662452, 0.2260272, 0.1878712, 0.1536716, 0.1244648, 0.098852, 0.0779424, 0.059974, 0.0460384, 0.0352164, 0.026156, 0.0195808, 0.0144304, 0.0106992, 0.007686, 0.0055644, 0.0040268, 0.0028976, 0.0020868, 0.0015252, 0.001048, 0.00076, 0.0005628, 0.0003944]
BLER_coded_precombining_mld = [0.464462, 0.4150208, 0.3656132, 0.3149372, 0.2664712, 0.2206332, 0.1786068, 0.1408384, 0.1090332, 0.081956, 0.060166, 0.0430664, 0.0300664, 0.0207288, 0.0139748, 0.0091792, 0.0060196, 0.003918, 0.0024428, 0.0015752, 0.0009784, 0.000578, 0.0003552, 0.0002084, 0.0001328, 7.08e-05, 4.32e-05, 2.92e-05, 1.32e-05, 5.2e-06]
