BLER_learned_coded = [0.936823, 0.936261, 0.935149, 0.933539, 0.931147, 0.92716, 0.920675, 0.9109, 0.895686, 0.873042, 0.840384, 0.793969, 0.730739, 0.649729, 0.551954, 0.442002, 0.331051, 0.22885, 0.146211, 0.086801, 0.049524, 0.029358, 0.01978, 0.015407, 0.013341, 0.012162, 0.011662, 0.010928, 0.010461, 0.010048]
BLER_learned_uncoded = [0.307462, 0.286694, 0.265618, 0.242777, 0.221682, 0.200179, 0.179602, 0.160285, 0.14185, 0.124396, 0.108557, 0.095064, 0.082149, 0.070767, 0.060708, 0.051707, 0.044508, 0.037881, 0.032306, 0.027457, 0.023153, 0.019288, 0.016537, 0.014053, 0.011809, 0.009925, 0.00827, 0.007089, 0.00612, 0.005043]
BLER_uncoded_ortho = [0.768583, 0.739292, 0.705981, 0.669923, 0.630311, 0.587876, 0.544343, 0.500471, 0.455975, 0.410657, 0.367179, 0.327169, 0.287849, 0.252541, 0.220754, 0.191105, 0.165363, 0.142107, 0.121575, 0.104422, 0.08893, 0.075213, 0.064247, 0.054353, 0.045771, 0.038804, 0.032647, 0.027541, 0.023478, 0.019544]
BLER_coded_ortho_hard = [0.795571, 0.765834, 0.731717, 0.692848, 0.648438, 0.599435, 0.545317, 0.489533, 0.432764, 0.375165, 0.320971, 0.267871, 0.221556, 0.178709, 0.142342, 0.111386, 0.086019, 0.066173, 0.049922, 0.037385, 0.027819, 0.020596, 0.014932, 0.010915, 0.007867, 0.005756, 0.004155, 0.00294, 0.002141, 0.001472]