BLER_learned_coded = [0.88, 0.79, 0.74, 0.75, 0.67, 0.68, 0.61, 0.55, 0.49, 0.46, 0.39, 0.34, 0.24, 0.24, 0.22, 0.22, 0.22, 0.16, 0.15, 0.16, 0.12, 0.11, 0.14, 0.13, 0.12, 0.14, 0.14, 0.13, 0.12, 0.16]
BLER_learned_uncoded = [0.324, 0.278, 0.267, 0.245, 0.224, 0.194, 0.183, 0.168, 0.137, 0.133, 0.095, 0.098, 0.093, 0.079, 0.07, 0.065, 0.044, 0.032, 0.025, 0.029, 0.019, 0.017, 0.019, 0.015, 0.02, 0.013, 0.011, 0.012, 0.017, 0.008]
BLER_uncoded_ortho = [0.768583, 0.739292, 0.705981, 0.669923, 0.630311, 0.587876, 0.544343, 0.500471, 0.455975, 0.410657, 0.367179, 0.327169, 0.287849, 0.252541, 0.220754, 0.191105, 0.165363, 0.142107, 0.121575, 0.104422, 0.08893, 0.075213, 0.064247, 0.054353, 0.045771, 0.038804, 0.032647, 0.027541, 0.023478, 0.019544]
BLER_coded_ortho_hard = [0.795571, 0.765834, 0.731717, 0.692848, 0.648438, 0.599435, 0.545317, 0.489533, 0.432764, 0.375165, 0.320971, 0.267871, 0.221556, 0.178709, 0.142342, 0.111386, 0.086019, 0.066173, 0.049922, 0.037385, 0.027819, 0.020596, 0.014932, 0.010915, 0.007867, 0.005756, 0.004155, 0.00294, 0.002141, 0.001472]