BLER_uncoded_mrc = [0.3253992, 0.2808952, 0.2380436, 0.198924, 0.1637788, 0.1324848, 0.1054372, 0.0830536, 0.064546, 0.0495912, 0.0375792, 0.0281424, 0.021, 0.0153624, 0.011326, 0.0082344, 0.006082, 0.0043064, 0.0031212, 0.00219, 0.0015984, 0.0011776, 0.000824, 0.0005848, 0.0004056, 0.0002744, 0.0002256, 0.0001496, 9.88e-05, 8.44e-05]
BLER_coded_mrc_hard = [0.2773788, 0.228524, 0.182608, 0.141962, 0.1069448, 0.0776332, 0.054906, 0.0376056, 0.0247236, 0.0159564, 0.0098688, 0.0059584, 0.003524, 0.002086, 0.0011492, 0.0006492, 0.000336, 0.0001836, 9.6e-05, 5.36e-05, 2.76e-05, 2.12e-05, 1e-05, 3.6e-06, 8e-07, 8e-07, 8e-07, 0.0, 0.0, 0.0]
BLER_coded_mrc_mld = [0.1745596, 0.130938, 0.0940804, 0.0646376, 0.0421228, 0.0260892, 0.0156784, 0.0086572, 0.0046156, 0.0023564, 0.001134, 0.0005644, 0.0002416, 0.0001068, 4.92e-05, 1.84e-05, 1.04e-05, 2.8e-06, 8e-07, 0.0, 4e-07, 4e-07, 0.0, 0.0, 0.0, 0.0, 0.0, 0.0, 0.0, 0.0]
BLER_learned_simo_csir_7.0 = [0.479019, 0.410775, 0.338702, 0.271582, 0.208415, 0.154049, 0.109168, 0.073278, 0.047748, 0.028696, 0.017189, 0.009916, 0.005608, 0.003306, 0.001943, 0.001179, 0.000817, 0.000525, 0.000363, 0.000295, 0.000235, 0.000204, 0.000159, 0.00015, 0.000132, 0.000128, 0.000114, 9.7e-05, 9.8e-05, 8.2e-05]