BLER_learned_coded = [0.782804, 0.757062, 0.728338, 0.695276, 0.659079, 0.618342, 0.570953, 0.519686, 0.461912, 0.399233, 0.333961, 0.270863, 0.212819, 0.164424, 0.1269, 0.100947, 0.083949, 0.07409, 0.068043, 0.063651, 0.060774, 0.058684, 0.056981, 0.055849, 0.05462, 0.054154, 0.052975, 0.052977, 0.052481, 0.051837]
BLER_learned_uncoded = [0.309743, 0.289982, 0.266457, 0.244382, 0.222372, 0.201309, 0.180745, 0.159852, 0.14164, 0.1248, 0.109083, 0.094811, 0.081599, 0.070974, 0.060838, 0.051783, 0.044245, 0.037794, 0.032131, 0.027354, 0.022841, 0.019713, 0.016655, 0.014115, 0.012017, 0.010271, 0.008683, 0.00737, 0.006175, 0.005352]
BLER_uncoded_ortho = [0.768583, 0.739292, 0.705981, 0.669923, 0.630311, 0.587876, 0.544343, 0.500471, 0.455975, 0.410657, 0.367179, 0.327169, 0.287849, 0.252541, 0.220754, 0.191105, 0.165363, 0.142107, 0.121575, 0.104422, 0.08893, 0.075213, 0.064247, 0.054353, 0.045771, 0.038804, 0.032647, 0.027541, 0.023478, 0.019544]
BLER_coded_ortho_hard = [0.795571, 0.765834, 0.731717, 0.692848, 0.648438, 0.599435, 0.545317, 0.489533, 0.432764, 0.375165, 0.320971, 0.267871, 0.221556, 0.178709, 0.142342, 0.111386, 0.086019, 0.066173, 0.049922, 0.037385, 0.027819, 0.020596, 0.014932, 0.010915, 0.007867, 0.005756, 0.004155, 0.00294, 0.002141, 0.001472]