BLER_uncoded_mrc = [0.3253992, 0.2808952, 0.2380436, 0.198924, 0.1637788, 0.1324848, 0.1054372, 0.0830536, 0.064546, 0.0495912, 0.0375792, 0.0281424, 0.021, 0.0153624, 0.011326, 0.0082344, 0.006082, 0.0043064, 0.0031212, 0.00219, 0.0015984, 0.0011776, 0.000824, 0.0005848, 0.0004056, 0.0002744, 0.0002256, 0.0001496, 9.88e-05, 8.44e-05]
BLER_coded_mrc_hard = [0.2773788, 0.228524, 0.182608, 0.141962, 0.1069448, 0.0776332, 0.054906, 0.0376056, 0.0247236, 0.0159564, 0.0098688, 0.0059584, 0.003524, 0.002086, 0.0011492, 0.0006492, 0.000336, 0.0001836, 9.6e-05, 5.36e-05, 2.76e-05, 2.12e-05, 1e-05, 3.6e-06, 8e-07, 8e-07, 8e-07, 0.0, 0.0, 0.0]
BLER_coded_mrc_mld = [0.1745596, 0.130938, 0.0940804, 0.0646376, 0.0421228, 0.0260892, 0.0156784, 0.0086572, 0.0046156, 0.0023564, 0.001134, 0.0005644, 0.0002416, 0.0001068, 4.92e-05, 1.84e-05, 1.04e-05, 2.8e-06, 8e-07, 0.0, 4e-07, 4e-07, 0.0, 0.0, 0.0, 0.0, 0.0, 0.0, 0.0, 0.0]
BLER_learned_simo_csir_15.0 = [0.68087, 0.635825, 0.585032, 0.526666, 0.464203, 0.398273, 0.330631, 0.264019, 0.202308, 0.149625, 0.105536, 0.070363, 0.044571, 0.027296, 0.015705, 0.008723, 0.0048, 0.002403, 0.001276, 0.000649, 0.000336, 0.000162, 0.000104, 6.1e-05, 4.3e-05, 3.5e-05, 2e-05, 2.4e-05, 1.6e-05, 1.3e-05]