BLER_uncoded_mrc = [0.3255816, 0.2805572, 0.2378332, 0.1990164, 0.1633368, 0.1327152, 0.1056448, 0.0832936, 0.0645484, 0.0494692, 0.0376784, 0.0282416, 0.0209512, 0.01546, 0.0113364, 0.0082328, 0.0060736, 0.004294, 0.003138, 0.0022564, 0.0015804, 0.0011348, 0.00081, 0.0005812, 0.0004344, 0.0002992, 0.000214, 0.0001552, 0.0001012, 6.4e-05]
BLER_coded_mrc_hard = [0.2781436, 0.228518, 0.1828148, 0.1418432, 0.1065196, 0.0777924, 0.0549068, 0.0376096, 0.0248712, 0.0158936, 0.0099488, 0.00604, 0.0035508, 0.0020372, 0.0012072, 0.0006684, 0.0003728, 0.0001992, 0.0001048, 5.24e-05, 3.08e-05, 1.96e-05, 6e-06, 4e-06, 1.2e-06, 0.0, 8e-07, 0.0, 4e-07, 0.0]
BLER_learned_simo_csir = [0.317426, 0.259171, 0.20489, 0.155676, 0.115252, 0.08136, 0.055072, 0.035615, 0.022479, 0.013601, 0.007818, 0.004346, 0.002395, 0.001227, 0.000631, 0.000379, 0.000195, 9.9e-05, 5.7e-05, 3.2e-05, 1.7e-05, 9e-06, 7e-06, 5e-06, 2e-06, 1e-06, 1e-06, 2e-06, 1e-06, 3e-06]