BLER_learned_coded = [0.708011, 0.671234, 0.632908, 0.588942, 0.544264, 0.497072, 0.448781, 0.400867, 0.356259, 0.313932, 0.276173, 0.245323, 0.219415, 0.199212, 0.184497, 0.173789, 0.165966, 0.159899, 0.154981, 0.152047, 0.149035, 0.146924, 0.14486, 0.142995, 0.142498, 0.141666, 0.140945, 0.140208, 0.139593, 0.13894]
BLER_learned_uncoded = [0.310233, 0.287317, 0.265937, 0.243495, 0.22181, 0.200494, 0.179518, 0.159119, 0.142058, 0.124585, 0.109074, 0.095215, 0.082839, 0.070986, 0.061974, 0.052726, 0.046166, 0.039537, 0.034304, 0.029613, 0.025891, 0.022961, 0.020795, 0.018722, 0.017281, 0.016274, 0.015314, 0.015029, 0.014583, 0.014355]
BLER_uncoded_ortho = [0.768583, 0.739292, 0.705981, 0.669923, 0.630311, 0.587876, 0.544343, 0.500471, 0.455975, 0.410657, 0.367179, 0.327169, 0.287849, 0.252541, 0.220754, 0.191105, 0.165363, 0.142107, 0.121575, 0.104422, 0.08893, 0.075213, 0.064247, 0.054353, 0.045771, 0.038804, 0.032647, 0.027541, 0.023478, 0.019544]
BLER_coded_ortho_hard = [0.795571, 0.765834, 0.731717, 0.692848, 0.648438, 0.599435, 0.545317, 0.489533, 0.432764, 0.375165, 0.320971, 0.267871, 0.221556, 0.178709, 0.142342, 0.111386, 0.086019, 0.066173, 0.049922, 0.037385, 0.027819, 0.020596, 0.014932, 0.010915, 0.007867, 0.005756, 0.004155, 0.00294, 0.002141, 0.001472]