BLER_uncoded_awgn = [0.560721, 0.53034, 0.497991, 0.463667, 0.429454, 0.392942, 0.355596, 0.316532, 0.280302, 0.241881, 0.207021, 0.173113, 0.141142, 0.113442, 0.087973, 0.066919, 0.048909, 0.03478, 0.023469, 0.0153, 0.009524, 0.005522, 0.003103, 0.001642, 0.000759]
BLER_coded_awgn_hard = [0.554941, 0.523329, 0.489597, 0.455233, 0.417747, 0.379587, 0.340107, 0.301078, 0.262636, 0.225638, 0.188114, 0.154431, 0.123263, 0.095683, 0.072352, 0.052358, 0.036639, 0.024865, 0.015803, 0.009438, 0.00547, 0.002853, 0.001408, 0.000599, 0.000246]
BLER_coded_awgn_mld = [0.48695, 0.451281, 0.413184, 0.375516, 0.33413, 0.294662, 0.25552, 0.216722, 0.179541, 0.144838, 0.113914, 0.086826, 0.063878, 0.045086, 0.030068, 0.019325, 0.011873, 0.006685, 0.003637, 0.001818, 0.000807, 0.000307, 0.000117, 4e-05, 9e-06]