BLER_uncoded_coherent = [0.65215, 0.63525, 0.60991, 0.59174, 0.56693, 0.54118, 0.51972, 0.49274, 0.46816, 0.44209, 0.4198, 0.39144, 0.36744, 0.34496, 0.32022, 0.29818, 0.27314, 0.2568, 0.23292, 0.21127, 0.1964, 0.17721, 0.16392, 0.14737, 0.13511]
BLER_coded_coherent_hard = [0.6366, 0.61527, 0.58994, 0.56438, 0.53288, 0.5114, 0.47843, 0.44857, 0.41948, 0.38905, 0.35984, 0.32792, 0.29742, 0.27081, 0.24346, 0.21354, 0.19237, 0.16746, 0.14807, 0.12968, 0.11011, 0.09618, 0.08048, 0.06702, 0.05804]
BLER_coded_coherent_MLD = [0.58016, 0.55535, 0.52368, 0.49402, 0.46342, 0.43045, 0.39986, 0.36771, 0.33257, 0.29946, 0.26815, 0.23793, 0.20806, 0.18062, 0.15724, 0.13379, 0.11153, 0.09413, 0.07586, 0.0623, 0.05014, 0.04037, 0.03194, 0.02463, 0.01983]
BLER_manual_coherent = [0.581622, 0.553933, 0.526435, 0.49772, 0.466697, 0.435502, 0.404936, 0.372837, 0.34168, 0.312277, 0.282294, 0.254203, 0.226906, 0.200772, 0.17659, 0.155499, 0.135453, 0.117257, 0.101705, 0.086949, 0.075098, 0.064163, 0.055069, 0.047019, 0.03999]