BLER_uncoded = [0.5619008, 0.5302992, 0.4980176, 0.464168, 0.428892, 0.391688, 0.3546936, 0.3168176, 0.279812, 0.2421696, 0.2067912, 0.1734344, 0.141828, 0.113588, 0.0882648, 0.0672608, 0.0489648, 0.0347752, 0.0235656, 0.0151792, 0.0094872, 0.0055928, 0.0031232, 0.0015888, 0.000768]
BLER_coded_hard = [0.5549816, 0.5234256, 0.4893024, 0.4540144, 0.4175016, 0.3800856, 0.3407112, 0.3017352, 0.2632096, 0.224484, 0.1888416, 0.15496, 0.122672, 0.095972, 0.0725256, 0.0521936, 0.0365192, 0.0248592, 0.0157856, 0.009416, 0.0053832, 0.0028672, 0.0013296, 0.0006472, 0.00026]
BLER_coded_MLD = [0.4865864, 0.4508992, 0.4131624, 0.3743584, 0.3348624, 0.2947384, 0.2544, 0.2163592, 0.1798328, 0.1453904, 0.1147968, 0.0872416, 0.063824, 0.0450768, 0.0302208, 0.0196504, 0.0117504, 0.0067432, 0.0036112, 0.0017864, 0.0008056, 0.000332, 0.000132, 3.2e-05, 1.04e-05]
BLER_learned = [0.495364, 0.460236, 0.422672, 0.382612, 0.343027, 0.302717, 0.262338, 0.222816, 0.186654, 0.151447, 0.119925, 0.091139, 0.067407, 0.047643, 0.032391, 0.021213, 0.013079, 0.007453, 0.004039, 0.001933, 0.000935, 0.000392, 0.000148, 4.6e-05, 1.2e-05]