BLER_uncoded_mrc = [0.3250168, 0.2803844, 0.2382076, 0.1988468, 0.1639476, 0.1324432, 0.1057532, 0.0834056, 0.0646228, 0.0496048, 0.0374644, 0.028278, 0.0209232, 0.0155884, 0.011352, 0.0083852, 0.0060432, 0.0043092, 0.003158, 0.0022644, 0.0016124, 0.0011236, 0.0008112, 0.00057, 0.0004304, 0.0002896, 0.0002016, 0.0001524, 8.88e-05, 8.4e-05]
BLER_coded_mrc_hard = [0.2785092, 0.2280672, 0.182546, 0.1417796, 0.1067452, 0.078096, 0.0549456, 0.0373712, 0.024792, 0.01593, 0.010084, 0.00599, 0.0035432, 0.0020836, 0.0011836, 0.0006364, 0.0003608, 0.000204, 9.28e-05, 5.24e-05, 3.12e-05, 1.68e-05, 7.6e-06, 5.6e-06, 4e-07, 2.8e-06, 4e-07, 4e-07, 0.0, 0.0]
BLER_coded_mrc_mld = [0.1749464, 0.1311128, 0.0942828, 0.0644952, 0.0422284, 0.0262072, 0.0155556, 0.0088148, 0.0047216, 0.0024292, 0.0011708, 0.0005548, 0.0002516, 0.000108, 4.72e-05, 2.52e-05, 7.6e-06, 4.8e-06, 2e-06, 4e-07, 8e-07, 0.0, 0.0, 0.0, 0.0, 0.0, 0.0, 0.0, 0.0, 0.0]
