BLER_uncoded_ortho = [0.768712, 0.739325, 0.706379, 0.670331, 0.630337, 0.588507, 0.544338, 0.499858, 0.455104, 0.41001, 0.367198, 0.326431, 0.288278, 0.253126, 0.22062, 0.191145, 0.165379, 0.142302, 0.121433, 0.103822, 0.089169, 0.075483, 0.06351, 0.053947, 0.045908, 0.038978, 0.032666, 0.027849, 0.023318, 0.019711]
BLER_coded_ortho_hard = [0.794823, 0.765951, 0.732265, 0.693473, 0.649932, 0.599906, 0.546224, 0.491048, 0.432034, 0.375668, 0.319856, 0.267216, 0.220369, 0.178266, 0.142529, 0.111416, 0.086338, 0.066082, 0.050155, 0.03744, 0.027922, 0.02047, 0.014895, 0.011087, 0.007881, 0.005797, 0.004113, 0.002985, 0.002132, 0.001457]