BLER_uncoded_precombining = [0.5670476, 0.5309632, 0.4932736, 0.4549328, 0.41658, 0.3783756, 0.3414036, 0.305182, 0.2719184, 0.239562, 0.2107408, 0.1841416, 0.159664, 0.1379744, 0.1191248, 0.1020848, 0.0874268, 0.0745728, 0.0632676, 0.0538904, 0.0457864, 0.0388176, 0.0327132, 0.0277712, 0.0233812, 0.0197572, 0.016588, 0.013938, 0.0116824, 0.0099124] 
BLER_coded_precombining_hard = [0.5366816, 0.492714, 0.4479752, 0.4022736, 0.3559044, 0.3101648, 0.2668792, 0.2254588, 0.18774, 0.1539448, 0.124318, 0.098792, 0.0776328, 0.0601752, 0.0460768, 0.03514, 0.0260252, 0.0194384, 0.0143708, 0.0105836, 0.0078448, 0.00567, 0.0040756, 0.0029248, 0.0020924, 0.0015648, 0.0010652, 0.0007632, 0.0005392, 0.000392] 
BLER_coded_precombining_mld = [0.4641608, 0.4144108, 0.3653504, 0.3152532, 0.2663996, 0.2208484, 0.1784544, 0.1407572, 0.1087936, 0.0817092, 0.0598656, 0.0431864, 0.0300568, 0.0206832, 0.013942, 0.0092696, 0.0059412, 0.0038156, 0.0025072, 0.00148, 0.0009844, 0.000586, 0.0003588, 0.0002116, 0.0001296, 8.2e-05, 4.44e-05, 2.76e-05, 1.4e-05, 1.04e-05] 
