BLER_uncoded_ortho = [0.768198, 0.738576, 0.706186, 0.669661, 0.630469, 0.589028, 0.544997, 0.500513, 0.45525, 0.409436, 0.366672, 0.327428, 0.28829, 0.253166, 0.220722, 0.191059, 0.165528, 0.142816, 0.121815, 0.105046, 0.088732, 0.075184, 0.06361, 0.054374, 0.045688, 0.038845, 0.032862, 0.027679, 0.023391, 0.019548]
BLER_coded_ortho_hard = [0.794709, 0.766199, 0.732288, 0.693121, 0.648356, 0.599147, 0.54609, 0.490572, 0.432434, 0.374995, 0.320318, 0.268231, 0.220015, 0.179008, 0.142454, 0.111628, 0.086083, 0.065842, 0.050108, 0.03769, 0.02784, 0.020553, 0.015027, 0.011047, 0.007943, 0.005705, 0.004209, 0.002935, 0.002153, 0.001529]