BLER_uncoded_alamouti = [0.315372, 0.2714952, 0.2291668, 0.1912636, 0.1570116, 0.127038, 0.100982, 0.0794348, 0.061796, 0.0473848, 0.035964, 0.0269544, 0.0200412, 0.0147428, 0.010866, 0.0078868, 0.00583, 0.0042116, 0.0029716, 0.0021276, 0.0015416, 0.0010712, 0.0007756, 0.0005584, 0.0003952, 0.0002536, 0.0001852, 0.0001392, 8.76e-05, 7e-05]
BLER_coded_alamouti_hard = [0.479818, 0.4307912, 0.379494, 0.328174, 0.2779644, 0.2299632, 0.185942, 0.1461956, 0.1120564, 0.0840932, 0.061126, 0.0436764, 0.030718, 0.0210224, 0.014316, 0.0095216, 0.0064568, 0.0042984, 0.0029484, 0.0019456, 0.00133, 0.0009472, 0.0006408, 0.000446, 0.0003072, 0.0002068, 0.000144, 0.0001124, 7.44e-05, 5.72e-05]
