BLER_uncoded_alamouti = [0.4966744, 0.4523544, 0.4058744, 0.3589288, 0.3133368, 0.2701856, 0.2287968, 0.1904096, 0.1571312, 0.1260232, 0.100364, 0.0795856, 0.0609912, 0.0472768, 0.0355496, 0.0267096, 0.019936, 0.0147448, 0.0109392, 0.0079712, 0.0056944, 0.0041464, 0.0029696, 0.0020232, 0.0015576, 0.0010632, 0.0008008, 0.0005416, 0.0004032, 0.00028]
BLER_coded_alamouti_hard = [0.4797672, 0.4304832, 0.3795744, 0.3282688, 0.2776816, 0.229624, 0.1851096, 0.1457968, 0.1126504, 0.0839472, 0.0611104, 0.0438328, 0.0306984, 0.0209032, 0.014176, 0.0096536, 0.0065352, 0.0043704, 0.0029088, 0.0019536, 0.001356, 0.0008968, 0.0006192, 0.0004432, 0.0003296, 0.0001888, 0.0001504, 9.6e-05, 7.44e-05, 3.6e-05]
BLER_coded_alamouti_mld = [0.4043976, 0.3504976, 0.296644, 0.245336, 0.1967608, 0.1529328, 0.1147504, 0.0835224, 0.0581632, 0.0392248, 0.0256336, 0.0162424, 0.010012, 0.006076, 0.0033944, 0.0019808, 0.0010416, 0.0006032, 0.0003152, 0.0001992, 9.36e-05, 5.28e-05, 2.16e-05, 1.68e-05, 7.2e-06, 4.8e-06, 1.6e-06, 8e-07, 0.0, 0.0]
BLER_learned_alamouti = [0.549846, 0.499761, 0.448862, 0.393399, 0.340734, 0.290887, 0.243674, 0.200613, 0.163268, 0.132777, 0.106059, 0.085977, 0.070019, 0.057157, 0.048233, 0.041019, 0.035061, 0.030749, 0.027701, 0.025097, 0.022969, 0.021495, 0.020434, 0.019198, 0.018072, 0.017184, 0.016845, 0.016326, 0.015897, 0.015717]
