BLER_uncoded_alamouti = [0.4966744, 0.4523544, 0.4058744, 0.3589288, 0.3133368, 0.2701856, 0.2287968, 0.1904096, 0.1571312, 0.1260232, 0.100364, 0.0795856, 0.0609912, 0.0472768, 0.0355496, 0.0267096, 0.019936, 0.0147448, 0.0109392, 0.0079712, 0.0056944, 0.0041464, 0.0029696, 0.0020232, 0.0015576, 0.0010632, 0.0008008, 0.0005416, 0.0004032, 0.00028]
BLER_coded_alamouti_hard = [0.4797672, 0.4304832, 0.3795744, 0.3282688, 0.2776816, 0.229624, 0.1851096, 0.1457968, 0.1126504, 0.0839472, 0.0611104, 0.0438328, 0.0306984, 0.0209032, 0.014176, 0.0096536, 0.0065352, 0.0043704, 0.0029088, 0.0019536, 0.001356, 0.0008968, 0.0006192, 0.0004432, 0.0003296, 0.0001888, 0.0001504, 9.6e-05, 7.44e-05, 3.6e-05]
BLER_coded_alamouti_mld = [0.4043976, 0.3504976, 0.296644, 0.245336, 0.1967608, 0.1529328, 0.1147504, 0.0835224, 0.0581632, 0.0392248, 0.0256336, 0.0162424, 0.010012, 0.006076, 0.0033944, 0.0019808, 0.0010416, 0.0006032, 0.0003152, 0.0001992, 9.36e-05, 5.28e-05, 2.16e-05, 1.68e-05, 7.2e-06, 4.8e-06, 1.6e-06, 8e-07, 0.0, 0.0]
BLER_learned_alamouti = [0.709315, 0.672769, 0.632625, 0.588099, 0.540869, 0.489578, 0.436672, 0.382027, 0.327487, 0.274569, 0.224387, 0.17851, 0.137851, 0.103175, 0.074332, 0.051739, 0.035089, 0.022721, 0.01431, 0.008558, 0.005395, 0.003255, 0.001954, 0.00129, 0.000832, 0.000557, 0.00041, 0.000304, 0.000229, 0.000211]
