BLER_uncoded_mrc = [0.3250444, 0.28048, 0.238064, 0.1988188, 0.1638204, 0.1328176, 0.10596, 0.0830356, 0.0646736, 0.0494312, 0.0375564, 0.0280504, 0.0210236, 0.0155256, 0.0113232, 0.0083256, 0.0060024, 0.004362, 0.0031296, 0.0022592, 0.001586, 0.0011896, 0.000824, 0.0005948, 0.0004104, 0.0003064, 0.000214, 0.0001564, 0.0001092, 7.52e-05]
BLER_coded_mrc_hard = [0.2773912, 0.2284868, 0.1821624, 0.1419348, 0.1069148, 0.077908, 0.0547316, 0.0373904, 0.0251064, 0.0160084, 0.009996, 0.0060684, 0.0035716, 0.002038, 0.0011808, 0.0006324, 0.0003608, 0.000192, 9.8e-05, 5.68e-05, 2.88e-05, 1.72e-05, 7.2e-06, 4e-06, 1.6e-06, 1.6e-06, 8e-07, 4e-07, 4e-07, 0.0]
BLER_coded_mrc_mld = [0.1746248, 0.1304848, 0.0937664, 0.06442, 0.0421072, 0.0262932, 0.0154976, 0.008716, 0.0046188, 0.0023236, 0.0011756, 0.0005476, 0.0002756, 0.0001128, 4.8e-05, 1.8e-05, 4.8e-06, 2.8e-06, 4e-07, 4e-07, 0.0, 0.0, 0.0, 0.0, 0.0, 0.0, 0.0, 0.0, 0.0, 0.0]
