BLER_uncoded_precombining = [0.567572, 0.5312688, 0.493672, 0.4559248, 0.417, 0.3790256, 0.3412168, 0.3053256, 0.2713952, 0.239632, 0.2105528, 0.1840384, 0.15968, 0.138068, 0.1187168, 0.1019872, 0.0871624, 0.0744976, 0.0635608, 0.0538472, 0.0457584, 0.0385512, 0.0328208, 0.0278256, 0.0234568, 0.0196752, 0.01656, 0.0140544, 0.0117168, 0.0097728] 
BLER_coded_precombining_hard = [0.53642, 0.4940688, 0.4485992, 0.403228, 0.3558008, 0.3113776, 0.2662856, 0.2252944, 0.1880776, 0.1540448, 0.1244184, 0.099196, 0.078284, 0.0601608, 0.0460384, 0.0349816, 0.0261208, 0.0196792, 0.014328, 0.0107104, 0.0078216, 0.0056736, 0.0041672, 0.002852, 0.0021664, 0.0014664, 0.0010664, 0.0007344, 0.000548, 0.0003648] 
BLER_coded_precombining_mld = [0.4643664, 0.4160112, 0.3646352, 0.3157952, 0.2668088, 0.2202928, 0.1780096, 0.1417136, 0.1090264, 0.0816352, 0.059968, 0.0430056, 0.0301352, 0.0207224, 0.0137728, 0.0093232, 0.0060376, 0.00392, 0.0024696, 0.0015928, 0.0009376, 0.000584, 0.0003768, 0.0002176, 0.0001256, 8.72e-05, 4.4e-05, 2.64e-05, 1.6e-05, 1.2e-05] 
